00000000000000000000000000000000
00110100000001000010000000000000
00110100000001010010001010000000
00110100000001100010001000000000
00110100000001110000000000010000
00110100000100000000000000000101
00000000000000000110100000100100
00000000000000000100000000100100
00000000000000000100100000100100
00000000110000001100000000100000
00000000000000000000000000000000
00000000000000000000000000000000
00000000000000000000000000000000
10101111000000000000000000000000
00100011000110000000000000000100
00100001001010010000000000000001
00101001001000010000000000001000
00000000000000000000000000000000
00000000000000000000000000000000
00000000000000000000000000000000
00010100001000001111111111111000
00000000000000000000000000000000
00000000100000000111000000100000
00000000000000000100100000100100
10001101110000100000000000000000
00000000000000000000000000000000
00000001101000100001100000000110
00110000011011000000000000000111
00000000000011000001100010000000
00000000011001110000000000011000
00000000000000001100100000010010
00000000101110011100100000100000
00000000110000111100000000100000
10001111000000110000000000000000
00000000000000000000000000000000
00000000000000110111100010000000
00000011001011110111100000100000
10101101111000100000000000000000
00100000011000110000000000000001
10101111000000110000000000000000
00100001110011100000000000000100
00100001001010010000000000000001
00000001001001110000100000101010
00000000000000000000000000000000
00000000000000000000000000000000
00000000000000000000000000000000
00010100001000001111111111101001
00000000000000000000000000000000
00000000100000000111000000100000
00000000000000000100100000100100
00000000000000000101000000100100
00000000000000000000000000000000
00000000000000000000000000000000
00000000000010011100000010000000
00000000000000000000000000000000
00000011000001110000000000011000
00000000000000000111100000010010
00000000110110001100000000100000
10001111000000110000000000000000
00000000000000000000000000000000
00000000000000000000000000000000
00000000000000000000000000000000
00010000011000000000000000001110
00000000000000000000000000000000
00000000101011110111100000100000
10001101111000100000000000000000
00000000000000000000000000000000
10101101110000100000000000000000
00100001110011100000000000000100
00100001111011110000000000000100
00100001010010100000000000000001
00000001010000110000100000101010
00000000000000000000000000000000
00000000000000000000000000000000
00000000000000000000000000000000
00010100001000001111111111110101
00000000000000000000000000000000
00100001001010010000000000000001
00101001001000010000000000001000
00000000000000000000000000000000
00000000000000000000000000000000
00000000000000000000000000000000
00010100001000001111111111011111
00000000000000000000000000000000
00100001101011010000000000000011
00100001000010000000000000000001
00000001000100000000100000101010
00000000000000000000000000000000
00000000000000000000000000000000
00000000000000000000000000000000
00010100001000001111111110101101
00000000000000000000000000000000
00000000000000000000000000001101
